{
 "cells": [
  {
   "cell_type": "code",
   "execution_count": 1,
   "metadata": {},
   "outputs": [
    {
     "name": "stderr",
     "output_type": "stream",
     "text": [
      "/Users/zachcm/opt/miniconda3/envs/pyme/lib/python3.7/_collections_abc.py:702: MatplotlibDeprecationWarning: The global colormaps dictionary is no longer considered public API.\n",
      "  return len(self._mapping)\n",
      "/Users/zachcm/opt/miniconda3/envs/pyme/lib/python3.7/_collections_abc.py:720: MatplotlibDeprecationWarning: The global colormaps dictionary is no longer considered public API.\n",
      "  yield from self._mapping\n",
      "/Users/zachcm/Code/python-microscopy/PYME/misc/extraCMaps.py:73: MatplotlibDeprecationWarning: \n",
      "The revcmap function was deprecated in Matplotlib 3.2 and will be removed two minor releases later. Use Colormap.reversed() instead.\n",
      "  cmapdat_r = cm.revcmap(ndat[cmapname])\n",
      "INFO:OpenGL.acceleratesupport:No OpenGL_accelerate module loaded: No module named 'OpenGL_accelerate'\n"
     ]
    },
    {
     "name": "stdout",
     "output_type": "stream",
     "text": [
      "Trying to load 3rd party recipe module ch_shrinkwrap.recipe_modules.surface_fitting\n",
      "Loaded 3rd party recipe module ch_shrinkwrap.recipe_modules.surface_fitting\n",
      "quaternion module not found, disabling custom clip plane orientations\n",
      "quaternion module not found, disabling custom clip plane orientations\n"
     ]
    }
   ],
   "source": [
    "%gui wx\n",
    "\n",
    "from PYME.LMVis import VisGUI"
   ]
  },
  {
   "cell_type": "code",
   "execution_count": 2,
   "metadata": {},
   "outputs": [],
   "source": [
    "# Delay so wx can boot up\n",
    "import time\n",
    "time.sleep(8)"
   ]
  },
  {
   "cell_type": "code",
   "execution_count": 3,
   "metadata": {},
   "outputs": [
    {
     "name": "stderr",
     "output_type": "stream",
     "text": [
      "DEBUG:PYME.LMVis.visCore:Creating VisGUI menu bar\n",
      "DEBUG:PYME.LMVis.Extras:Initializing QPobjectSegment plugin\n",
      "DEBUG:PYME.LMVis.Extras:Initializing animation plugin\n",
      "DEBUG:PYME.LMVis.Extras:Initializing clusterAnalysis plugin\n",
      "DEBUG:PYME.LMVis.Extras:Initializing dockedPanel plugin\n",
      "DEBUG:PYME.LMVis.Extras:Initializing extra_layers plugin\n",
      "DEBUG:PYME.LMVis.Extras:Initializing fiducial plugin\n",
      "DEBUG:PYME.LMVis.Extras:Initializing flagZMotionArtifacts plugin\n",
      "DEBUG:root:Adding menu items for event filters\n",
      "DEBUG:PYME.LMVis.Extras:Initializing fusionUtils plugin\n",
      "DEBUG:PYME.LMVis.Extras:Initializing multiColourAnalysis plugin\n",
      "DEBUG:PYME.LMVis.Extras:Initializing multiviewMapping plugin\n",
      "DEBUG:root:Adding menu items for multi-view manipulation\n",
      "DEBUG:PYME.LMVis.Extras:Initializing objectMeasurements plugin\n",
      "DEBUG:PYME.LMVis.Extras:Initializing particleTracking plugin\n",
      "DEBUG:PYME.LMVis.Extras:Initializing perFrameVariable plugin\n",
      "DEBUG:PYME.LMVis.Extras:Initializing photophysics plugin\n",
      "DEBUG:PYME.LMVis.Extras:Initializing pointSetGeneration plugin\n",
      "DEBUG:PYME.LMVis.Extras:Initializing pointwiseColoc plugin\n",
      "DEBUG:PYME.LMVis.Extras:Initializing saved_views plugin\n",
      "DEBUG:PYME.LMVis.Extras:Initializing scaleBox plugin\n",
      "DEBUG:PYME.LMVis.Extras:Initializing sequentialSpecies plugin\n",
      "DEBUG:PYME.LMVis.Extras:Initializing setBGImage plugin\n",
      "DEBUG:PYME.LMVis.Extras:Initializing shiftmapGenerator plugin\n",
      "DEBUG:PYME.LMVis.Extras:Initializing showShortcuts plugin\n",
      "DEBUG:PYME.LMVis.Extras:Initializing snapshot plugin\n",
      "DEBUG:PYME.LMVis.Extras:Initializing spherical_harmonics plugin\n",
      "DEBUG:root:Adding menu items for spherical harmonic (shell) fitting\n",
      "DEBUG:PYME.LMVis.Extras:Initializing subsets plugin\n",
      "DEBUG:PYME.LMVis.Extras:Initializing surface_fitting plugin\n",
      "DEBUG:PYME.LMVis.Extras:Initializing temperaturePlot plugin\n",
      "DEBUG:PYME.LMVis.Extras:Initializing vibration plugin\n"
     ]
    },
    {
     "name": "stdout",
     "output_type": "stream",
     "text": [
      "New Canvas\n",
      "Saved Views are deprecated -  use the ones with animation instead and remove me!\n"
     ]
    },
    {
     "name": "stderr",
     "output_type": "stream",
     "text": [
      "/Users/zachcm/Code/python-microscopy/PYME/LMVis/filterPane.py:111: wxPyDeprecationWarning: Call to deprecated item. Use InsertItem instead.\n",
      "  ind = self.lFiltKeys.InsertStringItem(ind+1, key)\n",
      "/Users/zachcm/Code/python-microscopy/PYME/LMVis/filterPane.py:112: wxPyDeprecationWarning: Call to deprecated item. Use SetItem instead.\n",
      "  self.lFiltKeys.SetStringItem(ind, 1, '%3.2f' % value[0])\n",
      "/Users/zachcm/Code/python-microscopy/PYME/LMVis/filterPane.py:113: wxPyDeprecationWarning: Call to deprecated item. Use SetItem instead.\n",
      "  self.lFiltKeys.SetStringItem(ind, 2, '%3.2f' % value[1])\n"
     ]
    },
    {
     "name": "stdout",
     "output_type": "stream",
     "text": [
      "Creating fold panel\n",
      "GenPanels\n",
      "Creating datasource panel\n",
      "RecipeView._layout\n",
      "Input datasources:  []\n",
      "Image list size: 1\n",
      "Creating layers GUI\n",
      "height:  0\n",
      "NB best size: wx.Size(200, 0)\n",
      "RecipeView._layout\n",
      "Input datasources:  []\n",
      "RecipeView._layout\n",
      "Input datasources:  []\n",
      "0\n"
     ]
    },
    {
     "name": "stderr",
     "output_type": "stream",
     "text": [
      "/Users/zachcm/Code/python-microscopy/PYME/LMVis/filterPane.py:111: wxPyDeprecationWarning: Call to deprecated item. Use InsertItem instead.\n",
      "  ind = self.lFiltKeys.InsertStringItem(ind+1, key)\n",
      "/Users/zachcm/Code/python-microscopy/PYME/LMVis/filterPane.py:112: wxPyDeprecationWarning: Call to deprecated item. Use SetItem instead.\n",
      "  self.lFiltKeys.SetStringItem(ind, 1, '%3.2f' % value[0])\n",
      "/Users/zachcm/Code/python-microscopy/PYME/LMVis/filterPane.py:113: wxPyDeprecationWarning: Call to deprecated item. Use SetItem instead.\n",
      "  self.lFiltKeys.SetStringItem(ind, 2, '%3.2f' % value[1])\n",
      "DEBUG:PYME.LMVis.shader_programs.ShaderProgramFactory:New shader program created: <class 'PYME.LMVis.shader_programs.DefaultShaderProgram.DefaultShaderProgram'>\n"
     ]
    },
    {
     "name": "stdout",
     "output_type": "stream",
     "text": [
      "OpenGL - Version: b'2.1 INTEL-14.7.8'\n",
      "Shader - Version: b'1.20'\n",
      "GL_MAX_SAMPLES: 8, GL_SAMPLES: 4\n"
     ]
    },
    {
     "name": "stderr",
     "output_type": "stream",
     "text": [
      "/Users/zachcm/Code/python-microscopy/PYME/ui/manualFoldPanel.py:37: wxPyDeprecationWarning: Using deprecated class. Use Colour instead.\n",
      "  col = wx.NamedColour(col)\n"
     ]
    }
   ],
   "source": [
    "pymevis = VisGUI.ipython_pymevisualize()\n",
    "pipeline = pymevis.pipeline\n",
    "recipe = pipeline.recipe"
   ]
  },
  {
   "cell_type": "code",
   "execution_count": 4,
   "metadata": {},
   "outputs": [
    {
     "name": "stderr",
     "output_type": "stream",
     "text": [
      "/Users/zachcm/Code/python-microscopy/PYME/IO/tabular.py:48: VisibleDeprecationWarning: mappingFilter is deprecated, use MappingFilter instead\n",
      "  warnings.warn(VisibleDeprecationWarning('%s is deprecated, use %s instead' % (name, cls.__name__)))\n",
      "/Users/zachcm/Code/python-microscopy/PYME/IO/tabular.py:928: VisibleDeprecationWarning: Mapping filter created with something that is not a tabular object. This will be unsupported in a future release. Consider DictSource or ColumnSource instead\n",
      "  warnings.warn(VisibleDeprecationWarning('Mapping filter created with something that is not a tabular object. This will be unsupported in a future release. Consider DictSource or ColumnSource instead'))\n",
      "DEBUG:PYME.LMVis.shader_programs.ShaderProgramFactory:New shader program created: <class 'PYME.LMVis.shader_programs.DefaultShaderProgram.OpaquePointShaderProgram'>\n"
     ]
    },
    {
     "name": "stdout",
     "output_type": "stream",
     "text": [
      "lw update\n",
      "lw update\n",
      "Creating layers GUI\n"
     ]
    },
    {
     "name": "stderr",
     "output_type": "stream",
     "text": [
      "/Users/zachcm/Code/python-microscopy/PYME/LMVis/layers/base.py:65: FutureWarning: `rcond` parameter will change to the default of machine precision times ``max(M, N)`` where M and N are the input matrix dimensions.\n",
      "To use the future default and silence this warning we advise to pass `rcond=None`, to keep using the old, explicitly pass `rcond=-1`.\n",
      "  self.shader_program.v_matrix[3,:3] = -np.linalg.lstsq(gl_canvas.object_rotation_matrix[:3,:3], gl_canvas.view.translation)[0]\n",
      "DEBUG:PYME.LMVis.visCore:Added layer, datasouce=points\n"
     ]
    },
    {
     "name": "stdout",
     "output_type": "stream",
     "text": [
      "hl update\n",
      "height:  308\n",
      "NB best size: wx.Size(243, 308)\n"
     ]
    },
    {
     "data": {
      "text/plain": [
       "<PYME.LMVis.layers.pointcloud.PointCloudRenderLayer at 0x7f86e8539ad0>"
      ]
     },
     "execution_count": 4,
     "metadata": {},
     "output_type": "execute_result"
    }
   ],
   "source": [
    "from ch_shrinkwrap import shape\n",
    "from PYME.IO import tabular\n",
    "import numpy as np\n",
    "\n",
    "# Create a torus\n",
    "R = 50\n",
    "r = 30\n",
    "# t = shape.Torus(R, r)\n",
    "# pts_t = t.points(1)\n",
    "pts_t = np.load('hemo_pts.npy')\n",
    "\n",
    "# Create a bounding box\n",
    "# import numpy as np\n",
    "# pts_t = np.vstack([pts_t, np.array([-2*R,-2*R,-2*R]), np.array([2*R,2*R,2*R])])\n",
    "\n",
    "pipeline.addDataSource('points', tabular.mappingFilter({'x' : pts_t[:,0], 'y':pts_t[:,1], 'z':pts_t[:,2]}))\n",
    "pipeline.selectDataSource('points')\n",
    "pymevis.add_pointcloud_layer(ds_name='points')"
   ]
  },
  {
   "cell_type": "code",
   "execution_count": 5,
   "metadata": {
    "scrolled": false
   },
   "outputs": [
    {
     "name": "stderr",
     "output_type": "stream",
     "text": [
      "DEBUG:PYME.LMVis.shader_programs.ShaderProgramFactory:New shader program created: <class 'PYME.LMVis.shader_programs.GouraudShaderProgram.GouraudShaderProgram'>\n"
     ]
    },
    {
     "name": "stdout",
     "output_type": "stream",
     "text": [
      "Data munged to vertices, faces\n",
      "initializing halfedges ...\n",
      "vertices.shape = (529, 3), faces.shape = (1054, 3)\n",
      "iterating edges\n",
      "done initializing halfedges\n",
      "lw update\n",
      "Disposing of HistLimitsEditor\n",
      "Creating layers GUI\n",
      "hl update\n",
      "hl update\n",
      "height:  335\n",
      "NB best size: wx.Size(200, 335)\n"
     ]
    },
    {
     "name": "stderr",
     "output_type": "stream",
     "text": [
      "/Users/zachcm/Code/python-microscopy/PYME/ui/layerFoldPanel.py:47: wxPyDeprecationWarning: Call to deprecated item BitmapFromBuffer. Use :meth:`wx.Bitmap.FromBuffer` or :meth:`wx.Bitmap.FromBufferAndAlpha` instead.\n",
      "  return wx.BitmapFromBuffer(30, 10, img)\n",
      "/Users/zachcm/Code/python-microscopy/PYME/ui/histLimits.py:289: wxPyDeprecationWarning: Call to deprecated item EmptyBitmap. Use :class:`wx.Bitmap` instead\n",
      "  MemBitmap = wx.EmptyBitmap(s.GetWidth(), s.GetHeight())\n"
     ]
    }
   ],
   "source": [
    "# Surface generation parameters\n",
    "threshold_density = 0.005\n",
    "# threshold_density = 0.0001\n",
    "n_points_min = 50\n",
    "# n_points_min = 100\n",
    "repair = False\n",
    "remesh = False\n",
    "\n",
    "# Run surface generation recipe on the point cloud\n",
    "from PYME.LMVis.Extras import extra_layers\n",
    "from PYME.LMVis.layers.mesh import TriangleRenderLayer\n",
    "from PYME.recipes.surface_fitting import DualMarchingCubes\n",
    "from ch_shrinkwrap import _membrane_mesh as membrane_mesh\n",
    "\n",
    "# oc_name = extra_layers.gen_octree_from_points(pymevis)\n",
    "surf_name, surf_count = pipeline.new_ds_name('surf', return_count=True)\n",
    "# dmc = DualMarchingCubes(recipe, invalidate_parent=False, input=oc_name, output=surf_name, threshold_density=threshold_density, n_points_min=n_points_min, repair=repair, remesh=remesh)\n",
    "# recipe.add_module(dmc)\n",
    "# recipe.execute()\n",
    "# layer = TriangleRenderLayer(pipeline, dsname=surf_name, method='shaded', cmap = ['C', 'M', 'Y', 'R', 'G', 'B'][surf_count % 6])\n",
    "# pymevis.add_layer(layer)\n",
    "# dmc._invalidate_parent = True\n",
    "mesh = membrane_mesh.MembraneMesh.from_stl('hemo.stl')\n",
    "pipeline.dataSources[surf_name] = mesh\n",
    "layer = TriangleRenderLayer(pipeline, dsname=surf_name, method='shaded', cmap = ['C', 'M', 'Y', 'R', 'G', 'B'][surf_count % 6])\n",
    "pymevis.add_layer(layer)"
   ]
  },
  {
   "cell_type": "code",
   "execution_count": 6,
   "metadata": {},
   "outputs": [],
   "source": [
    "# Shrinkwrapping parameters\n",
    "max_iters = 1\n",
    "step_size = 0.1\n",
    "attraction_weight = 1  # eV/nm\n",
    "curvature_weight = 1\n",
    "largest_component_only = True\n",
    "method = 'euler'\n",
    "remesh_every = 500  # iterations\n",
    "remesh_frequency = 0\n",
    "delaunay_remesh_frequency = 0"
   ]
  },
  {
   "cell_type": "code",
   "execution_count": 7,
   "metadata": {
    "scrolled": false
   },
   "outputs": [
    {
     "name": "stdout",
     "output_type": "stream",
     "text": [
      "Iteration 0 <<<\n",
      "Iteration 0 ...\n",
      "((3, 3), (6, 3))\n",
      "(array([[ 0.02505749,  0.12222194, -0.09742415],\n",
      "       [ 0.12222194,  0.98467786,  0.01221341],\n",
      "       [-0.09742415,  0.01221341,  0.99026459]]), array([[  0.2993393 ,   2.5652542 ,  11.128048  ],\n",
      "       [  3.321083  ,   9.913801  ,   5.5698614 ],\n",
      "       [  4.2859726 ,   9.334961  ,  -8.56844   ],\n",
      "       [  1.5804443 ,  -1.8268723 , -10.960474  ],\n",
      "       [  2.3833847 , -10.620859  ,  -3.2391427 ],\n",
      "       [  0.09584808,  -7.5688214 ,   7.2764854 ]], dtype=float32))\n",
      "((3, 3), (6, 3))\n",
      "(array([[ 0.04099751, -0.19820957, -0.00545178],\n",
      "       [-0.19820957,  0.95903344, -0.00112679],\n",
      "       [-0.00545178, -0.00112679,  0.99996901]]), array([[  2.8738098 ,  -7.377141  ,   9.184574  ],\n",
      "       [  0.8188782 ,   3.612633  ,  10.878611  ],\n",
      "       [  0.20349121,  10.134075  ,   3.851563  ],\n",
      "       [ -0.09584808,   7.5688214 ,  -7.2764854 ],\n",
      "       [  2.2875366 ,  -3.0520372 , -10.515628  ],\n",
      "       [  4.3414307 ,  -9.817673  ,  -3.6256967 ]], dtype=float32))\n",
      "((3, 3), (6, 3))\n",
      "(array([[ 0.05565113,  0.21333697,  0.08391383],\n",
      "       [ 0.21333697,  0.95180525, -0.0189569 ],\n",
      "       [ 0.08391383, -0.0189569 ,  0.99254351]]), array([[ -0.2993393 ,  -2.5652542 , -11.128048  ],\n",
      "       [ -0.20349121, -10.134075  ,  -3.851563  ],\n",
      "       [  0.61538696,  -6.5214424 ,   7.027047  ],\n",
      "       [  2.4197617 ,   1.4000382 ,   7.7990093 ],\n",
      "       [  4.3651733 ,   7.502442  ,   3.9360552 ],\n",
      "       [  3.0217438 ,   7.3485475 ,  -5.5581865 ]], dtype=float32))\n",
      "((3, 3), (6, 3))\n",
      "(array([[ 0.08813316, -0.06119873,  0.27680424],\n",
      "       [-0.06119873,  0.99589273,  0.01857735],\n",
      "       [ 0.27680424,  0.01857735,  0.91597394]]), array([[  4.607834  ,   4.8336654 ,   9.877175  ],\n",
      "       [  1.8043747 ,   7.921481  ,   0.77196217],\n",
      "       [ -0.61538696,   6.5214424 ,  -7.027047  ],\n",
      "       [ -0.8188782 ,  -3.612633  , -10.878611  ],\n",
      "       [  2.0549316 , -10.989774  ,  -1.6940365 ],\n",
      "       [  5.943878  ,  -7.0591574 ,  10.610681  ]], dtype=float32))\n",
      "((3, 3), (6, 3))\n",
      "(array([[ 0.02802002,  0.05398357, -0.15595062],\n",
      "       [ 0.05398357,  0.99700176,  0.00866147],\n",
      "       [-0.15595062,  0.00866147,  0.9749783 ]]), array([[ -1.5804443 ,   1.8268723 ,  10.960474  ],\n",
      "       [  2.7055283 ,  11.161834  ,   2.3920336 ],\n",
      "       [  3.0082397 ,  10.456227  ,  -6.6260796 ],\n",
      "       [  3.4570541 ,   0.63086706, -13.563105  ],\n",
      "       [  1.3458252 ,  -8.318299  ,  -4.1586113 ],\n",
      "       [  0.80294037,  -8.793986  ,   7.721331  ]], dtype=float32))\n",
      "((3, 3), (6, 3))\n",
      "(array([[ 0.11252916, -0.29697955, -0.10802544],\n",
      "       [-0.29697955,  0.90062001, -0.03614918],\n",
      "       [-0.10802544, -0.03614918,  0.98685084]]), array([[  0.5428848 ,   0.47568655, -11.879942  ],\n",
      "       [  5.0826797 ,  -7.2878437 ,  -4.1182055 ],\n",
      "       [  2.053894  ,  -6.7656355 ,   6.889931  ],\n",
      "       [ -2.2875366 ,   3.0520372 ,  10.515628  ],\n",
      "       [ -2.3833847 ,  10.620859  ,   3.2391427 ],\n",
      "       [ -0.80294037,   8.793986  ,  -7.721331  ]], dtype=float32))\n",
      "((3, 3), (5, 3))\n",
      "(array([[ 0.19620419,  0.2854389 ,  0.27610275],\n",
      "       [ 0.2854389 ,  0.89863674, -0.09804786],\n",
      "       [ 0.27610275, -0.09804786,  0.90515909]]), array([[-1.8043747 , -7.921481  , -0.77196217],\n",
      "       [ 2.8034592 , -3.0878155 ,  9.105213  ],\n",
      "       [ 4.8265457 ,  5.3128424 ,  5.4051437 ],\n",
      "       [ 1.9454117 ,  6.1024036 , -3.8629541 ],\n",
      "       [-2.4197617 , -1.4000382 , -7.7990093 ]], dtype=float32))\n",
      "((3, 3), (6, 3))\n",
      "(array([[ 0.18082637, -0.32333043, -0.20877172],\n",
      "       [-0.32333043,  0.87238047, -0.08240286],\n",
      "       [-0.20877172, -0.08240286,  0.94679317]]), array([[ 5.2336273 , -1.6287036 , -8.442896  ],\n",
      "       [ 6.742256  , -7.549704  , -3.83576   ],\n",
      "       [ 4.539795  , -7.7635303 ,  7.761737  ],\n",
      "       [-0.5428848 , -0.47568655, 11.879942  ],\n",
      "       [-1.3458252 ,  8.318299  ,  4.1586113 ],\n",
      "       [ 2.111229  ,  8.949167  , -9.404493  ]], dtype=float32))\n",
      "((3, 3), (6, 3))\n",
      "(array([[ 0.18555671, -0.35383287,  0.1610208 ],\n",
      "       [-0.35383287,  0.84627818,  0.0699551 ],\n",
      "       [ 0.1610208 ,  0.0699551 ,  0.96816513]]), array([[ -2.8738098,   7.377141 ,  -9.184574 ],\n",
      "       [  1.4676208,  -2.4405317, -12.81027  ],\n",
      "       [  5.7727203,  -8.002489 ,  -1.2767715],\n",
      "       [  5.082863 ,  -4.468891 ,   6.5246916],\n",
      "       [  3.8889465,   3.9306164,  12.304717 ],\n",
      "       [ -2.0549316,  10.989774 ,   1.6940365]], dtype=float32))\n",
      "((3, 3), (6, 3))\n",
      "(array([[ 0.26517236,  0.44142026,  0.00203632],\n",
      "       [ 0.44142026,  0.73483327, -0.00122324],\n",
      "       [ 0.00203632, -0.00122324,  0.99999436]]), array([[  1.3434296 ,   0.15389442,   9.494242  ],\n",
      "       [  7.961792  ,   8.57015   ,   3.368457  ],\n",
      "       [  6.0663223 ,   7.787405  ,  -7.858758  ],\n",
      "       [  0.9648895 ,  -0.57884026, -14.138302  ],\n",
      "       [ -3.321083  ,  -9.913801  ,  -5.5698614 ],\n",
      "       [ -3.0217438 ,  -7.3485475 ,   5.5581865 ]], dtype=float32))\n",
      "((3, 3), (6, 3))\n",
      "(array([[ 0.18879795,  0.3814092 , -0.08763743],\n",
      "       [ 0.3814092 ,  0.82066986,  0.04120518],\n",
      "       [-0.08763743,  0.04120518,  0.99053217]]), array([[ -0.9648895 ,   0.57884026,  14.138302  ],\n",
      "       [  5.101433  ,   8.366245  ,   6.279544  ],\n",
      "       [  4.5419693 ,   5.657652  ,  -4.5628157 ],\n",
      "       [  0.3027115 ,  -0.70560646,  -9.018113  ],\n",
      "       [ -2.7055283 , -11.161834  ,  -2.3920336 ],\n",
      "       [ -4.2859726 ,  -9.334961  ,   8.56844   ]], dtype=float32))\n",
      "((3, 3), (6, 3))\n",
      "(array([[ 0.3103258 , -0.45718482, -0.07075076],\n",
      "       [-0.45718482,  0.69693232, -0.04690066],\n",
      "       [-0.07075076, -0.04690066,  0.99274198]]), array([[ -2.053894 ,   6.7656355,  -6.889931 ],\n",
      "       [  3.0287857,  -0.5222082, -11.008137 ],\n",
      "       [  8.461761 ,  -9.110675 ,  -0.7534865],\n",
      "       [  4.3050995,  -5.5619574,  11.533499 ],\n",
      "       [ -1.4676208,   2.4405317,  12.81027  ],\n",
      "       [ -4.3414307,   9.817673 ,   3.6256967]], dtype=float32))\n",
      "((3, 3), (6, 3))\n",
      "(array([[ 0.18763691,  0.33043003, -0.2079552 ],\n",
      "       [ 0.33043003,  0.86559705,  0.08458612],\n",
      "       [-0.2079552 ,  0.08458612,  0.94676597]]), array([[ -0.3027115 ,   0.70560646,   9.018113  ],\n",
      "       [  4.239258  ,   6.3632584 ,   4.4552975 ],\n",
      "       [  7.043373  ,   7.0388393 ,  -3.7654476 ],\n",
      "       [  4.4572906 ,   0.5353327 ,  -9.734165  ],\n",
      "       [  0.4488144 ,  -9.82536   ,  -6.937025  ],\n",
      "       [ -3.0082397 , -10.456227  ,   6.6260796 ]], dtype=float32))\n",
      "((3, 3), (6, 3))\n",
      "(array([[ 0.38267481,  0.4614    ,  0.15278997],\n",
      "       [ 0.4614    ,  0.65514129, -0.11419798],\n",
      "       [ 0.15278997, -0.11419798,  0.96218399]]), array([[ 6.6183624 ,  8.416256  , -6.125785  ],\n",
      "       [-1.3434296 , -0.15389442, -9.494242  ],\n",
      "       [-4.3651733 , -7.502442  , -3.9360552 ],\n",
      "       [-1.9454117 , -6.1024036 ,  3.8629541 ],\n",
      "       [ 2.881134  , -0.7895613 ,  9.268098  ],\n",
      "       [ 7.918846  ,  6.7124557 ,  4.056861  ]], dtype=float32))\n",
      "((3, 3), (7, 3))\n",
      "(array([[ 0.14945376, -0.01677253, -0.35614049],\n",
      "       [-0.01677253,  0.99966925, -0.00702299],\n",
      "       [-0.35614049, -0.00702299,  0.85087694]]), array([[  4.0084763 ,  10.360693  ,  -2.7971401 ],\n",
      "       [  4.656601  ,   3.1192632 ,  -7.5898476 ],\n",
      "       [  6.503845  ,  -5.2579947 ,  -9.996807  ],\n",
      "       [  3.1223984 , -10.57787   ,   0.96159744],\n",
      "       [ -2.111229  ,  -8.949167  ,   9.404493  ],\n",
      "       [ -3.4570541 ,  -0.63086706,  13.563105  ],\n",
      "       [ -0.4488144 ,   9.82536   ,   6.937025  ]], dtype=float32))\n",
      "((3, 3), (6, 3))\n",
      "(array([[ 0.15537781,  0.08882832,  0.3512052 ],\n",
      "       [ 0.08882832,  0.99065799, -0.036936  ],\n",
      "       [ 0.3512052 , -0.036936  ,  0.85396418]]), array([[  5.106476  ,  -2.4606595 ,  11.972509  ],\n",
      "       [  3.7593155 ,   5.971615  ,   6.596962  ],\n",
      "       [  2.0230865 ,   8.400658  ,  -3.7000694 ],\n",
      "       [ -2.8034592 ,   3.0878155 ,  -9.105213  ],\n",
      "       [ -4.607834  ,  -4.8336654 ,  -9.877175  ],\n",
      "       [  1.3360443 , -11.892823  ,   0.73350525]], dtype=float32))\n",
      "((3, 3), (7, 3))\n",
      "(array([[ 0.2178418 , -0.20706347,  0.35708752],\n",
      "       [-0.20706347,  0.94518337,  0.09453303],\n",
      "       [ 0.35708752,  0.09453303,  0.8369748 ]]), array([[  5.6146774 ,  -8.125181  ,   2.8228207 ],\n",
      "       [  7.051468  ,  -2.6423712 ,  13.212862  ],\n",
      "       [  3.7704315 ,   9.432163  ,  11.239004  ],\n",
      "       [ -1.3360443 ,  11.892823  ,  -0.73350525],\n",
      "       [ -5.943878  ,   7.0591574 , -10.610681  ],\n",
      "       [ -3.8889465 ,  -3.9306164 , -12.304717  ],\n",
      "       [  1.1939163 ,  -8.3995075 ,  -5.7800255 ]], dtype=float32))\n",
      "((3, 3), (7, 3))\n",
      "(array([[ 0.3982656 , -0.47685647, -0.11071619],\n",
      "       [-0.47685647,  0.62210557, -0.08773926],\n",
      "       [-0.11071619, -0.08773926,  0.97962876]]), array([[  2.2024612 ,   0.21382618, -11.597497  ],\n",
      "       [  7.491455  ,  -7.3006306 ,  -8.852149  ],\n",
      "       [  9.792805  , -11.180235  ,   0.7771692 ],\n",
      "       [  5.432976  ,  -8.588467  ,  10.25465   ],\n",
      "       [ -3.0287857 ,   0.5222082 ,  11.008137  ],\n",
      "       [ -5.0826797 ,   7.2878437 ,   4.1182055 ],\n",
      "       [ -4.539795  ,   7.7635303 ,  -7.761737  ]], dtype=float32))\n",
      "((3, 3), (6, 3))\n",
      "(array([[ 0.35366887,  0.42288819,  0.22305347],\n",
      "       [ 0.42288819,  0.72330835, -0.14594172],\n",
      "       [ 0.22305347, -0.14594172,  0.92302266]]), array([[-2.881134 ,  0.7895613, -9.268098 ],\n",
      "       [-4.8265457, -5.3128424, -5.4051437],\n",
      "       [-2.0230865, -8.400658 ,  3.7000694],\n",
      "       [ 1.736229 , -2.4290428, 10.297031 ],\n",
      "       [ 6.259407 ,  5.4933844,  5.3648415],\n",
      "       [ 5.037712 ,  7.502017 , -5.211237 ]], dtype=float32))\n",
      "((3, 3), (5, 3))\n",
      "(array([[ 0.48313242, -0.43574816,  0.24462005],\n",
      "       [-0.43574816,  0.63264   ,  0.20622833],\n",
      "       [ 0.24462005,  0.20622833,  0.88422766]]), array([[ 8.101128  , -5.4279327 , -0.20419502],\n",
      "       [ 4.420761  ,  0.27432632,  8.602846  ],\n",
      "       [-1.1939163 ,  8.3995075 ,  5.7800255 ],\n",
      "       [-5.082863  ,  4.468891  , -6.5246916 ],\n",
      "       [ 0.6898575 , -3.533598  , -7.801463  ]], dtype=float32))\n",
      "((3, 3), (6, 3))\n",
      "(array([[ 0.29435015, -0.30220199, -0.34114835],\n",
      "       [-0.30220199,  0.87057883, -0.14610037],\n",
      "       [-0.34114835, -0.14610037,  0.83507091]]), array([[ -5.2336273 ,   1.6287036 ,   8.442896  ],\n",
      "       [ -3.1223984 ,  10.57787   ,  -0.96159744],\n",
      "       [  3.3814468 ,   5.3198757 , -10.958405  ],\n",
      "       [  5.203575  ,  -4.516857  ,  -7.3395615 ],\n",
      "       [  3.5475082 ,  -4.763879  ,  -1.6322899 ],\n",
      "       [  1.5086288 ,  -5.9210005 ,   4.607136  ]], dtype=float32))\n",
      "((3, 3), (6, 3))\n",
      "(array([[ 0.56880811, -0.49013686,  0.07093129],\n",
      "       [-0.49013686,  0.44286025,  0.08062777],\n",
      "       [ 0.07093129,  0.08062777,  0.98833177]]), array([[-4.3050995e+00,  5.5619574e+00, -1.1533499e+01],\n",
      "       [ 4.1566620e+00, -3.5487175e+00, -1.2286985e+01],\n",
      "       [ 9.9933014e+00, -5.6843300e+00,  2.7484894e-03],\n",
      "       [ 7.4112701e+00, -1.8943348e+00,  7.5972681e+00],\n",
      "       [-6.8985748e-01,  3.5335979e+00,  7.8014631e+00],\n",
      "       [-5.7727203e+00,  8.0024891e+00,  1.2767715e+00]], dtype=float32))\n",
      "((3, 3), (5, 3))\n",
      "(array([[ 0.51540199,  0.49009535, -0.09782273],\n",
      "       [ 0.49009535,  0.50434497,  0.09893245],\n",
      "       [-0.09782273,  0.09893245,  0.98025314]]), array([[ 9.488319 ,  6.271599 , -3.1025085],\n",
      "       [ 2.8041153,  0.675581 , -8.220745 ],\n",
      "       [-4.239258 , -6.3632584, -4.4552975],\n",
      "       [-4.5419693, -5.657652 ,  4.5628157],\n",
      "       [ 0.5594635,  2.7085934, 10.84236  ]], dtype=float32))\n",
      "((3, 3), (6, 3))\n",
      "(array([[ 0.38339448,  0.36739492, -0.31847161],\n",
      "       [ 0.36739492,  0.78109337,  0.18975642],\n",
      "       [-0.31847161,  0.18975642,  0.83551206]]), array([[ -4.0084763 , -10.360693  ,   2.7971401 ],\n",
      "       [ -4.4572906 ,  -0.5353327 ,   9.734165  ],\n",
      "       [  2.5860825 ,   6.5035067 ,   5.9687176 ],\n",
      "       [ 11.126732  ,   9.795508  ,  -3.061369  ],\n",
      "       [  7.7887383 ,   0.69399166, -13.291994  ],\n",
      "       [  0.6481247 ,  -7.24143   ,  -4.7927074 ]], dtype=float32))\n",
      "((3, 3), (6, 3))\n",
      "(array([[ 0.3045364 ,  0.33515561,  0.31538036],\n",
      "       [ 0.33515561,  0.83848289, -0.15198709],\n",
      "       [ 0.31538036, -0.15198709,  0.85698064]]), array([[  7.5901794,   6.8330164,   4.4705677],\n",
      "       [  4.523178 ,   7.922427 ,  -4.93219  ],\n",
      "       [ -1.736229 ,   2.4290428, -10.297031 ],\n",
      "       [ -3.7593155,  -5.971615 ,  -6.596962 ],\n",
      "       [  1.3471603,  -8.432275 ,   5.3755474],\n",
      "       [  4.906822 ,  -1.9607687,   9.147188 ]], dtype=float32))\n",
      "((3, 3), (6, 3))\n",
      "(array([[ 0.54896748,  0.49577233, -0.04256805],\n",
      "       [ 0.49577233,  0.45504993,  0.04679056],\n",
      "       [-0.04256805,  0.04679056,  0.99598247]]), array([[  8.213566  ,   5.5455    ,   5.774613  ],\n",
      "       [  8.928856  ,   3.5630054 , -13.944868  ],\n",
      "       [ -0.5594635 ,  -2.7085934 , -10.84236   ],\n",
      "       [ -5.101433  ,  -8.366245  ,  -6.279544  ],\n",
      "       [ -6.0663223 ,  -7.787405  ,   7.858758  ],\n",
      "       [  1.8954697 ,   0.78274536,  11.227215  ]], dtype=float32))\n",
      "((3, 3), (6, 3))\n",
      "(array([[ 0.39069182, -0.44896224, -0.19100936],\n",
      "       [-0.44896224,  0.66918698, -0.14074321],\n",
      "       [-0.19100936, -0.14074321,  0.94012131]]), array([[ 4.784073  , -3.3716364 , -6.016693  ],\n",
      "       [ 5.288994  , -7.5144567 ,  2.745348  ],\n",
      "       [-2.2024612 , -0.21382618, 11.597497  ],\n",
      "       [-6.742256  ,  7.549704  ,  3.83576   ],\n",
      "       [-1.5086288 ,  5.9210005 , -4.607136  ],\n",
      "       [ 2.0388794 ,  1.1571217 , -6.2394257 ]], dtype=float32))\n",
      "((3, 3), (5, 3))\n",
      "(array([[ 0.24131781,  0.12399904, -0.40952122],\n",
      "       [ 0.12399904,  0.97973359,  0.06693216],\n",
      "       [-0.40952122,  0.06693216,  0.77894878]]), array([[  4.905861 ,  -0.5265362, -10.060829 ],\n",
      "       [  1.8472443,  -8.377258 ,  -2.4069595],\n",
      "       [ -4.656601 ,  -3.1192632,   7.5898476],\n",
      "       [ -0.6481247,   7.24143  ,   4.7927074],\n",
      "       [  7.1406136,   7.9354215,  -8.499287 ]], dtype=float32))\n",
      "((3, 3), (6, 3))\n",
      "(array([[ 0.21222496, -0.03089261,  0.40771458],\n",
      "       [-0.03089261,  0.99878855,  0.01598853],\n",
      "       [ 0.40771458,  0.01598853,  0.7889865 ]]), array([[  3.2810364, -12.074534 ,   1.9738579],\n",
      "       [  5.432022 ,  -2.9351325,   8.2019615],\n",
      "       [  3.5596619,   6.4715056,   3.7716408],\n",
      "       [ -1.3471603,   8.432275 ,  -5.3755474],\n",
      "       [ -5.106476 ,   2.4606595, -11.972509 ],\n",
      "       [ -3.7704315,  -9.432163 , -11.239004 ]], dtype=float32))\n",
      "((3, 3), (6, 3))\n",
      "(array([[ 0.54696745,  0.49176216,  0.0772278 ],\n",
      "       [ 0.49176216,  0.46619725, -0.08382998],\n",
      "       [ 0.0772278 , -0.08382998,  0.98683509]]), array([[  6.0720444 ,   3.6937656 ,   4.610815  ],\n",
      "       [  6.318096  ,   4.7627544 ,  -5.452602  ],\n",
      "       [ -1.8954697 ,  -0.78274536, -11.227215  ],\n",
      "       [ -7.961792  ,  -8.57015   ,  -3.368457  ],\n",
      "       [ -6.6183624 ,  -8.416256  ,   6.125785  ],\n",
      "       [  1.3004837 ,  -1.7038002 ,  10.182646  ]], dtype=float32))\n",
      "((3, 3), (7, 3))\n",
      "(array([[ 0.25309318, -0.19684142, -0.38767329],\n",
      "       [-0.19684142,  0.948124  , -0.10216824],\n",
      "       [-0.38767329, -0.10216824,  0.79878269]]), array([[ -1.8472443,   8.377258 ,   2.4069595],\n",
      "       [  3.0586166,   7.8507214,  -7.6538696],\n",
      "       [  5.7311516,   1.2441983, -12.099358 ],\n",
      "       [  5.9020576,  -7.5817423,  -4.6578636],\n",
      "       [  1.8221283,  -9.836733 ,   3.618843 ],\n",
      "       [ -3.3814468,  -5.3198757,  10.958405 ],\n",
      "       [ -6.503845 ,   5.2579947,   9.996807 ]], dtype=float32))\n",
      "((3, 3), (5, 3))\n",
      "(array([[ 0.5755696 ,  0.46430007, -0.16945429],\n",
      "       [ 0.46430007,  0.49208504,  0.18537229],\n",
      "       [-0.16945429,  0.18537229,  0.9323452 ]]), array([[-7.043373 , -7.0388393,  3.7654476],\n",
      "       [-2.8041153, -0.675581 ,  8.220745 ],\n",
      "       [ 6.684204 ,  5.596018 ,  5.1182365],\n",
      "       [ 8.540649 ,  3.2920017, -9.0300865],\n",
      "       [-2.5860825, -6.5035067, -5.9687176]], dtype=float32))\n",
      "((3, 3), (4, 3))\n",
      "(array([[ 0.34615034, -0.40487483, -0.24981314],\n",
      "       [-0.40487483,  0.74929461, -0.15468854],\n",
      "       [-0.24981314, -0.15468854,  0.90455512]]), array([[-3.5475082 ,  4.763879  ,  1.6322899 ],\n",
      "       [ 1.6560669 ,  0.24702168, -5.7072716 ],\n",
      "       [ 2.7451935 , -4.528758  ,  0.22273254],\n",
      "       [-2.0388794 , -1.1571217 ,  6.2394257 ]], dtype=float32))\n",
      "((3, 3), (6, 3))\n",
      "(array([[ 0.49819779, -0.44388488,  0.23013665],\n",
      "       [-0.44388488,  0.60734767,  0.2035746 ],\n",
      "       [ 0.23013665,  0.2035746 ,  0.89445467]]), array([[ 5.393059  , -2.0717087 ,  8.082893  ],\n",
      "       [ 1.4367905 ,  5.48281   , 10.390041  ],\n",
      "       [-5.6146774 ,  8.125181  , -2.8228207 ],\n",
      "       [-4.420761  , -0.27432632, -8.602846  ],\n",
      "       [ 3.6803665 , -5.702259  , -8.807041  ],\n",
      "       [ 8.57708   , -6.447584  ,  0.66451454]], dtype=float32))\n",
      "((3, 3), (6, 3))\n",
      "(array([[ 0.53692311,  0.47631404,  0.14751816],\n",
      "       [ 0.47631404,  0.51007044, -0.15173499],\n",
      "       [ 0.14751816, -0.15173499,  0.95300649]]), array([[  1.221695 ,  -2.0086327,  10.576078 ],\n",
      "       [  5.08239  ,   3.4976597,   3.49255  ],\n",
      "       [  4.7715607,   5.397566 ,  -5.5718307],\n",
      "       [ -1.3004837,   1.7038002, -10.182646 ],\n",
      "       [ -7.918846 ,  -6.7124557,  -4.056861 ],\n",
      "       [ -5.037712 ,  -7.502017 ,   5.211237 ]], dtype=float32))\n",
      "((3, 3), (6, 3))\n",
      "(array([[ 0.62608048, -0.48324233, -0.02409528],\n",
      "       [-0.48324233,  0.37547213, -0.03114001],\n",
      "       [-0.02409528, -0.03114001,  0.99844731]]), array([[  4.359829  ,  -2.5917683 ,  -9.477481  ],\n",
      "       [  9.974808  ,  -4.5337124 ,   0.07087527],\n",
      "       [  5.8366394 ,  -2.1356125 ,  12.289734  ],\n",
      "       [ -4.156662  ,   3.5487175 ,  12.286985  ],\n",
      "       [ -8.461761  ,   9.110675  ,   0.7534865 ],\n",
      "       [ -5.432976  ,   8.588467  , -10.25465   ]], dtype=float32))\n",
      "((3, 3), (6, 3))\n",
      "(array([[ 0.41688293, -0.36986172, -0.32602745],\n",
      "       [-0.36986172,  0.76540269, -0.20679395],\n",
      "       [-0.32602745, -0.20679395,  0.8177143 ]]), array([[-1.6560669 , -0.24702168,  5.7072716 ],\n",
      "       [-5.203575  ,  4.516857  ,  7.3395615 ],\n",
      "       [-1.8221283 ,  9.836733  , -3.618843  ],\n",
      "       [ 4.0799294 ,  2.2549906 , -8.276707  ],\n",
      "       [ 8.721958  , -6.729435  , -3.0085258 ],\n",
      "       [ 1.0891266 , -4.7757797 ,  5.930004  ]], dtype=float32))\n",
      "((3, 3), (6, 3))\n",
      "(array([[ 0.52394229,  0.46661291,  0.17804252],\n",
      "       [ 0.46661291,  0.54264453, -0.17451023],\n",
      "       [ 0.17804252, -0.17451023,  0.93341324]]), array([[ -1.221695 ,   2.0086327, -10.576078 ],\n",
      "       [ -6.259407 ,  -5.4933844,  -5.3648415],\n",
      "       [ -4.523178 ,  -7.922427 ,   4.93219  ],\n",
      "       [  3.0670013,  -1.0894108,   9.402758 ],\n",
      "       [  8.285282 ,   5.6880283,   3.526659 ],\n",
      "       [  3.860695 ,   5.5062923,  -7.0835285]], dtype=float32))\n",
      "((3, 3), (7, 3))\n",
      "(array([[ 0.32879227, -0.26380104,  0.38871181],\n",
      "       [-0.26380104,  0.89631975,  0.15277323],\n",
      "       [ 0.38871181,  0.15277323,  0.77488807]]), array([[ -1.4367905,  -5.48281  , -10.390041 ],\n",
      "       [  3.9562683,  -7.5545187,  -2.307148 ],\n",
      "       [  6.8000603,  -5.690028 ,   4.291645 ],\n",
      "       [  6.3726883,   1.8069677,   8.790577 ],\n",
      "       [  2.1509857,   9.139402 ,   6.2281036],\n",
      "       [ -3.2810364,  12.074534 ,  -1.9738579],\n",
      "       [ -7.051468 ,   2.6423712, -13.212862 ]], dtype=float32))\n",
      "((3, 3), (6, 3))\n",
      "(array([[ 0.34755778,  0.22341059,  0.42053428],\n",
      "       [ 0.22341059,  0.92349929, -0.1440002 ],\n",
      "       [ 0.42053428, -0.1440002 ,  0.7289429 ]]), array([[-3.5596619, -6.4715056, -3.7716408],\n",
      "       [ 1.8723602, -9.406638 ,  4.4303207],\n",
      "       [ 6.279152 , -2.024352 ,  9.807507 ],\n",
      "       [ 4.8582993,  6.6345253,  2.668705 ],\n",
      "       [ 2.6833572,  8.793785 , -4.6766205],\n",
      "       [-4.906822 ,  1.9607687, -9.147188 ]], dtype=float32))\n",
      "((3, 3), (6, 3))\n",
      "(array([[ 0.52701554, -0.44308737, -0.23009506],\n",
      "       [-0.44308737,  0.58491993, -0.21555087],\n",
      "       [-0.23009506, -0.21555087,  0.88806453]]), array([[ 7.6328316 , -1.9536552 , -8.93853   ],\n",
      "       [ 6.1822968 , -6.8774853 ,  2.5381336 ],\n",
      "       [ 0.50492096, -4.1428204 ,  8.762041  ],\n",
      "       [-4.784073  ,  3.3716364 ,  6.016693  ],\n",
      "       [-2.7451935 ,  4.528758  , -0.22273254],\n",
      "       [-1.0891266 ,  4.7757797 , -5.930004  ]], dtype=float32))\n",
      "((3, 3), (5, 3))\n",
      "(array([[ 0.27902424,  0.10262512, -0.43662095],\n",
      "       [ 0.10262512,  0.98539214,  0.06214949],\n",
      "       [-0.43662095,  0.06214949,  0.73558354]]), array([[-4.905861 ,  0.5265362, 10.060829 ],\n",
      "       [ 2.2347527,  8.461958 ,  1.5615425],\n",
      "       [ 6.4057503,  1.5821555, -6.835232 ],\n",
      "       [ 2.672535 , -6.6065235, -4.445488 ],\n",
      "       [-3.0586166, -7.8507214,  7.6538696]], dtype=float32))\n",
      "((3, 3), (6, 3))\n",
      "(array([[ 0.51803401, -0.48444498, -0.12242515],\n",
      "       [-0.48444498,  0.51306328, -0.12305485],\n",
      "       [-0.12242515, -0.12305485,  0.96890254]]), array([[-7.491455  ,  7.3006306 ,  8.852149  ],\n",
      "       [-5.288994  ,  7.5144567 , -2.745348  ],\n",
      "       [-0.50492096,  4.1428204 , -8.762041  ],\n",
      "       [ 5.677376  , -2.734665  , -6.2239075 ],\n",
      "       [ 6.0751495 , -4.165085  ,  2.0451717 ],\n",
      "       [ 2.3013496 , -3.8796043 ,  9.629318  ]], dtype=float32))\n",
      "((3, 3), (6, 3))\n",
      "(array([[ 0.33737272, -0.05523309,  0.469576  ],\n",
      "       [-0.05523309,  0.99539606,  0.03914136],\n",
      "       [ 0.469576  ,  0.03914136,  0.66723129]]), array([[ 7.139328 , -1.2845595,  9.05312  ],\n",
      "       [ 4.4067917,  7.382286 ,  5.377186 ],\n",
      "       [-1.8723602,  9.406638 , -4.4303207],\n",
      "       [-5.432022 ,  2.9351325, -8.2019615],\n",
      "       [-2.1509857, -9.139402 , -6.2281036],\n",
      "       [ 4.2217026, -7.3324347,  2.5624733]], dtype=float32))\n",
      "((3, 3), (6, 3))\n",
      "(array([[ 0.72064349, -0.42738   ,  0.13661176],\n",
      "       [-0.42738   ,  0.34616286,  0.20899865],\n",
      "       [ 0.13661176,  0.20899865,  0.93319371]]), array([[-3.6803665 ,  5.702259  ,  8.807041  ],\n",
      "       [-8.101128  ,  5.4279327 ,  0.20419502],\n",
      "       [-7.41127   ,  1.8943348 , -7.597268  ],\n",
      "       [ 2.5820312 , -3.7899952 , -7.5945196 ],\n",
      "       [ 7.9235687 , -4.7237263 ,  0.8133831 ],\n",
      "       [ 4.8967133 , -0.7453251 ,  9.471556  ]], dtype=float32))\n",
      "((3, 3), (7, 3))\n",
      "(array([[ 0.49681008,  0.35843596, -0.34858781],\n",
      "       [ 0.35843596,  0.74467626,  0.24830864],\n",
      "       [-0.34858781,  0.24830864,  0.7585137 ]]), array([[ 4.1709976 , -6.879802  , -8.396774  ],\n",
      "       [-2.2347527 , -8.461958  , -1.5615425 ],\n",
      "       [-7.1406136 , -7.9354215 ,  8.499287  ],\n",
      "       [-7.7887383 , -0.69399166, 13.291994  ],\n",
      "       [ 3.3379936 ,  9.101517  , 10.230625  ],\n",
